gmtMuon:
  Barrel:
    eta_max: 0.83
    eta_min: 0
    offset: -0.2379695
    slope: 1.13674
  Endcap:
    eta_max: 2.5
    eta_min: 1.24
    offset: 11.219282
    slope: 1.5027
  Overlap:
    eta_max: 1.24
    eta_min: 0.83
    offset: -2.5687838
    slope: 1.34598
