trackerHT:
  inclusive:
    eta_max: 9999
    eta_min: 0
    offset: -25.35696
    slope: 3.622799
