trackerJet:
  Barrel:
    eta_max: 1.5
    eta_min: 0
    offset: 446.22001
    slope: 0.341314
  Endcap:
    eta_max: 2.5
    eta_min: 1.5
    offset: 477.198
    slope: 0.04346206
